0.1 0.0 1.0 0.1
0.0 0.1 1.1 0.0
-0.1 0.0 0.9 0.0
0.0 -0.1 1.0 0.1
0.1 0.1 1.0 0.0
-0.1 0.1 0.9 0.1
0.2 0.0 1.1 -0.1
0.0 0.2 1.0 0.0
-0.2 0.0 0.9 0.1
0.0 -0.2 1.1 0.0
0.1 -0.1 1.0 0.1
-0.1 -0.1 0.9 0.0
0.2 0.1 1.0 0.0
-0.2 0.1 0.9 -0.1
0.1 0.2 1.1 0.0
-0.1 0.2 0.9 0.1
0.0 0.0 1.0 0.0
0.05 -0.05 1.0 0.05
-0.05 0.05 0.95 0.0
0.0 0.1 1.05 -0.05

2.0 2.0 0.0 1.0
2.1 2.0 -0.1 1.1
1.9 2.0 0.1 0.9
2.0 1.9 0.0 1.0
2.0 2.1 0.0 0.9
2.2 2.0 0.1 1.0
1.8 2.1 -0.1 1.0
2.1 1.9 0.0 1.1
1.9 2.2 0.0 0.9
2.0 2.0 0.1 1.0
2.1 2.1 0.0 1.0
1.9 1.9 0.0 1.0
2.2 2.2 -0.1 0.9
1.8 1.8 0.1 1.1
2.0 2.3 0.0 1.0
2.3 2.0 0.0 0.9
1.7 2.0 0.1 1.0
2.0 1.7 -0.1 1.1
2.1 2.2 0.0 1.0
1.9 2.1 0.0 0.9
